Final Results
MDL16CS001 7.8695 8.0833 7.9787
MDL16CS002 8.4782 7.7916 8.1276
MDL16CS003 5.7826 5.1666 5.4680
MDL16CS004 5.9130 6.2500 6.0851
MDL16CS005 4.6956 4.8333 4.7659
MDL16CS006 8.0000 7.7500 7.8723
MDL16CS007 9.3913 8.5000 8.9361
MDL16CS008 4.6086 6.0833 5.3617
MDL16CS009 8.1739 7.8750 8.0212
MDL16CS010 7.2608 7.7083 7.4893
MDL16CS011 5.9130 6.8750 6.4042
MDL16CS012 8.2173 8.2083 8.2127
MDL16CS013 8.7826 8.1250 8.4468
MDL16CS014 1.6956 4.5416 3.1489
MDL16CS015 8.6086 8.0416 8.3191
MDL16CS016 7.2608 8.5833 7.9361
MDL16CS017 8.4347 6.8333 7.6170
MDL16CS018 6.0869 7.4166 6.7659
MDL16CS019 7.4347 6.7500 7.0851
MDL16CS020 8.2608 8.4583 8.3617
MDL16CS021 8.5652 8.6250 8.5957
MDL16CS022 7.0869 7.0000 7.0425
MDL16CS023 9.4347 9.5416 9.4893
MDL16CS024 4.8260 6.1666 5.5106
MDL16CS025 8.3043 7.2500 7.7659
MDL16CS026 7.4782 7.6666 7.5744
MDL16CS027 8.8695 7.2916 8.0638
MDL16CS028 8.3478 9.4166 8.8936
MDL16CS029 7.9565 9.1250 8.5531
MDL16CS030 7.3043 7.5000 7.4042
MDL16CS031 7.4347 5.7500 6.5744
MDL16CS032 9.1739 7.7916 8.4680
MDL16CS033 2.6086 4.4583 3.5531
MDL16CS034 9.6521 8.4583 9.0425
MDL16CS035 7.8260 7.5000 7.6595
MDL16CS036 8.2608 8.1666 8.2127
MDL16CS037 9.2608 8.7083 8.9787
MDL16CS038 8.3043 8.4583 8.3829
MDL16CS039 8.7826 7.5833 8.1702
MDL16CS040 7.8695 7.9583 7.9148
MDL16CS041 7.3913 6.9583 7.1702
MDL16CS042 9.2608 8.4583 8.8510
MDL16CS043 8.9130 8.4583 8.6808
MDL16CS044 9.5217 9.0416 9.2765
MDL16CS045 8.1304 7.0000 7.5531
MDL16CS046 9.1739 8.3750 8.7659
MDL16CS047 8.5652 8.5000 8.5319
MDL16CS048 8.4782 7.8750 8.1702
MDL16CS049 3.0434 3.8750 3.4680
MDL16CS050 9.8695 9.1250 9.4893
MDL16CS051 6.3913 5.5416 5.9574
MDL16CS052 8.8260 8.1250 8.4680
MDL16CS053 5.6521 6.9166 6.2978
MDL16CS054 7.6956 7.2500 7.4680
MDL16CS055 9.5217 8.4166 8.9574
MDL16CS056 9.0434 9.6666 9.3617
MDL16CS057 6.5217 7.0833 6.8085
MDL16CS058 9.1304 7.4583 8.2765
MDL16CS059 10.0434 8.3750 9.1914
MDL16CS060 7.6521 7.6666 7.6595
MDL16CS061 6.7391 4.7500 5.7234
MDL16CS062 9.1739 8.0833 8.6170
MDL16CS063 8.3478 7.7916 8.0638
MDL16CS064 7.8695 7.3750 7.6170
MDL16CS065 8.5217 8.0833 8.2978
MDL16CS066 8.5652 7.4583 8.0000
MDL16CS067 7.7391 7.4583 7.5957
MDL16CS068 6.4347 7.1666 6.8085
MDL16CS069 8.7826 8.0416 8.4042
MDL16CS070 8.9130 7.0000 7.9361
MDL16CS071 9.8260 8.9583 9.3829
MDL16CS072 8.6086 7.7916 8.1914
MDL16CS073 9.7826 8.8333 9.2978
MDL16CS074 9.0869 8.7916 8.9361
MDL16CS075 6.2608 7.0416 6.6595
MDL16CS076 8.3043 6.2500 7.2553
MDL16CS077 8.3913 7.2916 7.8297
MDL16CS078 9.7826 8.5000 9.1276
MDL16CS079 9.6521 8.5833 9.1063
MDL16CS080 6.8260 6.2916 6.5531
MDL16CS081 9.3043 7.8750 8.5744
MDL16CS082 8.3478 7.7083 8.0212
MDL16CS083 9.0000 7.4583 8.2127
MDL16CS084 7.1739 7.7500 7.4680
MDL16CS085 5.0869 5.5833 5.3404
MDL16CS086 9.3043 8.0833 8.6808
MDL16CS087 9.6956 8.7083 9.1914
MDL16CS088 9.8260 8.2083 9.0000
MDL16CS089 8.8260 8.8333 8.8297
MDL16CS090 8.0000 6.5833 7.2765
MDL16CS091 9.0434 8.0416 8.5319
MDL16CS092 9.1304 8.0000 8.5531
MDL16CS093 9.7826 8.7916 9.2765
MDL16CS094 6.4347 7.7916 7.1276
MDL16CS095 9.8260 8.3333 9.0638
MDL16CS096 8.7391 8.2083 8.4680
MDL16CS097 6.6521 8.2916 7.4893
MDL16CS098 3.3043 3.3333 3.3191
MDL16CS099 9.5217 8.4583 8.9787
MDL16CS100 8.7391 8.5833 8.6595
MDL16CS101 8.6956 7.8750 8.2765
MDL16CS102 7.3478 7.6250 7.4893
MDL16CS103 8.5217 8.2083 8.3617
MDL16CS104 5.7826 7.0833 6.4468
MDL16CS105 8.2173 8.5000 8.3617
MDL16CS106 8.8695 7.9166 8.3829
MDL16CS107 8.7391 8.3333 8.5319
MDL16CS108 8.7391 8.5833 8.6595
MDL16CS109 9.9565 9.0833 9.5106
MDL16CS110 9.8695 9.2083 9.5319
MDL16CS111 8.6521 8.2500 8.4468
MDL16CS112 8.5217 8.0833 8.2978
MDL16CS113 7.7826 6.7500 7.2553
MDL16CS114 6.7826 8.0000 7.4042
MDL16CS115 8.1304 7.9583 8.0425
MDL16CS116 6.9130 7.0833 7.0000
MDL16CS117 8.4347 8.1250 8.2765
MDL16CS118 6.6956 8.2083 7.4680
MDL16CS119 8.2173 8.0000 8.1063
MDL16CS120 5.4347 7.5000 6.4893
MDL16CS121 2.7826 4.3750 3.5957
MDL16CS122 8.3913 7.9583 8.1702
MDL16CS123 9.4347 8.3750 8.8936
