MDL16CS001 7.8695 181	8.0833 194
MDL16CS002 8.4782 195	7.7916 187
MDL16CS003 5.7826 133	5.1666 124
MDL16CS004 5.9130 136	6.2500 150
MDL16CS005 4.6956 108	4.8333 116
MDL16CS006 8.0000 184	7.7500 186
MDL16CS007 9.3913 216	8.5000 204
MDL16CS008 4.6086 106	6.0833 146
MDL16CS009 8.1739 188	7.8750 189
MDL16CS010 7.2608 167	7.7083 185
MDL16CS011 5.9130 136	6.8750 165
MDL16CS012 8.2173 189	8.2083 197
MDL16CS013 8.7826 202	8.1250 195
MDL16CS014 1.6956 39	4.5416 109
MDL16CS015 8.6086 198	8.0416 193
MDL16CS016 7.2608 167	8.5833 206
MDL16CS017 8.4347 194	6.8333 164
MDL16CS018 6.0869 140	7.4166 178
MDL16CS019 7.4347 171	6.7500 162
MDL16CS020 8.2608 190	8.4583 203
MDL16CS021 8.5652 197	8.6250 207
MDL16CS022 7.0869 163	7.0000 168
MDL16CS023 9.4347 217	9.5416 229
MDL16CS024 4.8260 111	6.1666 148
MDL16CS025 8.3043 191	7.2500 174
MDL16CS026 7.4782 172	7.6666 184
MDL16CS027 8.8695 204	7.2916 175
MDL16CS028 8.3478 192	9.4166 226
MDL16CS029 7.9565 183	9.1250 219
MDL16CS030 7.3043 168	7.5000 180
MDL16CS031 7.4347 171	5.7500 138
MDL16CS032 9.1739 211	7.7916 187
MDL16CS033 2.6086 60	4.4583 107
MDL16CS034 9.6521 222	8.4583 203
MDL16CS035 7.8260 180	7.5000 180
MDL16CS036 8.2608 190	8.1666 196
MDL16CS037 9.2608 213	8.7083 209
MDL16CS038 8.3043 191	8.4583 203
MDL16CS039 8.7826 202	7.5833 182
MDL16CS040 7.8695 181	7.9583 191
MDL16CS041 7.3913 170	6.9583 167
MDL16CS042 9.2608 213	8.4583 203
MDL16CS043 8.9130 205	8.4583 203
MDL16CS044 9.5217 219	9.0416 217
MDL16CS045 8.1304 187	7.0000 168
MDL16CS046 9.1739 211	8.3750 201
MDL16CS047 8.5652 197	8.5000 204
MDL16CS048 8.4782 195	7.8750 189
MDL16CS049 3.0434 70	3.8750 93
MDL16CS050 9.8695 227	9.1250 219
MDL16CS051 6.3913 147	5.5416 133
MDL16CS052 8.8260 203	8.1250 195
MDL16CS053 5.6521 130	6.9166 166
MDL16CS054 7.6956 177	7.2500 174
MDL16CS055 9.5217 219	8.4166 202
MDL16CS056 9.0434 208	9.6666 232
MDL16CS057 6.5217 150	7.0833 170
MDL16CS058 9.1304 210	7.4583 179
MDL16CS059 10.0434 231	8.3750 201
MDL16CS060 7.6521 176	7.6666 184
MDL16CS061 6.7391 155	4.7500 114
MDL16CS062 9.1739 211	8.0833 194
MDL16CS063 8.3478 192	7.7916 187
MDL16CS064 7.8695 181	7.3750 177
MDL16CS065 8.5217 196	8.0833 194
MDL16CS066 8.5652 197	7.4583 179
MDL16CS067 7.7391 178	7.4583 179
MDL16CS068 6.4347 148	7.1666 172
MDL16CS069 8.7826 202	8.0416 193
MDL16CS070 8.9130 205	7.0000 168
MDL16CS071 9.8260 226	8.9583 215
MDL16CS072 8.6086 198	7.7916 187
MDL16CS073 9.7826 225	8.8333 212
MDL16CS074 9.0869 209	8.7916 211
MDL16CS075 6.2608 144	7.0416 169
MDL16CS076 8.3043 191	6.2500 150
MDL16CS077 8.3913 193	7.2916 175
MDL16CS078 9.7826 225	8.5000 204
MDL16CS079 9.6521 222	8.5833 206
MDL16CS080 6.8260 157	6.2916 151
MDL16CS081 9.3043 214	7.8750 189
MDL16CS082 8.3478 192	7.7083 185
MDL16CS083 9.0000 207	7.4583 179
MDL16CS084 7.1739 165	7.7500 186
MDL16CS085 5.0869 117	5.5833 134
MDL16CS086 9.3043 214	8.0833 194
MDL16CS087 9.6956 223	8.7083 209
MDL16CS088 9.8260 226	8.2083 197
MDL16CS089 8.8260 203	8.8333 212
MDL16CS090 8.0000 184	6.5833 158
MDL16CS091 9.0434 208	8.0416 193
MDL16CS092 9.1304 210	8.0000 192
MDL16CS093 9.7826 225	8.7916 211
MDL16CS094 6.4347 148	7.7916 187
MDL16CS095 9.8260 226	8.3333 200
MDL16CS096 8.7391 201	8.2083 197
MDL16CS097 6.6521 153	8.2916 199
MDL16CS098 3.3043 76	3.3333 80
MDL16CS099 9.5217 219	8.4583 203
MDL16CS100 8.7391 201	8.5833 206
MDL16CS101 8.6956 200	7.8750 189
MDL16CS102 7.3478 169	7.6250 183
MDL16CS103 8.5217 196	8.2083 197
MDL16CS104 5.7826 133	7.0833 170
MDL16CS105 8.2173 189	8.5000 204
MDL16CS106 8.8695 204	7.9166 190
MDL16CS107 8.7391 201	8.3333 200
MDL16CS108 8.7391 201	8.5833 206
MDL16CS109 9.9565 229	9.0833 218
MDL16CS110 9.8695 227	9.2083 221
MDL16CS111 8.6521 199	8.2500 198
MDL16CS112 8.5217 196	8.0833 194
MDL16CS113 7.7826 179	6.7500 162
MDL16CS114 6.7826 156	8.0000 192
MDL16CS115 8.1304 187	7.9583 191
MDL16CS116 6.9130 159	7.0833 170
MDL16CS117 8.4347 194	8.1250 195
MDL16CS118 6.6956 154	8.2083 197
MDL16CS119 8.2173 189	8.0000 192
MDL16CS120 5.4347 125	7.5000 180
MDL16CS121 2.7826 64	4.3750 105
MDL16CS122 8.3913 193	7.9583 191
MDL16CS123 9.4347 217	8.3750 201
